Ax,Ay,Az,Gx,Gy,Gz
-0.68,0.52,0.32,7.06,-11.27,2.12
-0.67,0.68,0.44,-79.72,34.1,35.15
-0.54,0.54,0.43,-68.17,-7.32,108.92
-0.34,0.35,1.04,-38.37,73.5,106.91
-0.12,0.49,0.78,8.73,7.54,3.02
-0.16,0.54,0.81,-1.02,-6.9,-12.94
0.02,0.45,0.78,8.64,-22.9,-0.43
-0.06,0.6,0.78,8.25,-44.82,-9.95
0.03,0.64,0.81,9.22,-29.75,-26.6
0.04,0.2,0.9599999,15.66,14.7,-2.21
0.03,0.27,0.92,23.24,16.89,0.3
0.04,0.42,0.82,19.95,-8.49,-6.96
-0.5,0.39,0.69,-6.73,-2.74,5.63
-0.52,0.44,0.74,-5.55,4.85,-2.98
-0.55,0.54,0.84,10.21,15.58,20.58
-0.4,0.42,0.72,-22.5,-0.28,13.4
-0.41,0.23,0.12,-35.34,20.17,73.34
-0.5,0.54,0.72,-58.82,8.78,66.22
-0.27,0.57,0.72,20.56,-26.12,19.7
-0.52,0.59,1.23,-54.75,-34.74,-42.73
-0.06,0.66,0.8,-9.19,7.34,-20.37
-0.11,0.63,0.64,-19.7,-29.81,-11.37
0.009999999,0.43,0.78,-31.53,-35.94,-37.99
-0.009999999,0.38,0.83,-27.73,-51.13,-57.44
0.24,0.66,0.87,-47.43,-43.96,-25.92
0.36,0.19,0.9,6.98,23.1,-26.86
-0.02,0.65,0.86,-36.2,-29.3,-73.79
-0.009999999,0.25,0.5,32.49,-4.19,-13.01
0.35,0.78,1.01,-25.8,5.79,-7.72
0.03,0.32,0.48,48.43,39.41,9.64
-0.04,0.66,1.03,-13.12,39.56,70.69
0.009999999,0.41,0.24,15.4,56.27,125.21
0.1,0.87,0.9700001,18.0,64.28,185.6
0.08,0.61,0.69,22.62,72.17,127.37
-0.09,0.17,0.83,-32.19,54.3,96.75
0.04,0.41,1.05,28.97,12.55,35.66
0.15,0.63,0.88,-51.48,11.65,48.05
0.18,0.06,0.58,66.7,31.26,-13.89
-0.04,0.58,1.19,-58.78,-15.53,-40.52
0.06,0.38,0.51,-28.59,-7.12,1.18
0.36,0.4,1.28,-48.6,-56.03,-25.66
-0.73,0.21,0.33,-38.71,17.21,3.08
-1.49,0.27,0.25,-40.76,-38.48,18.7
-0.17,0.54,0.09,29.72,28.66,79.47
-0.5,0.86,0.25,0.08,-19.56,105.99
0.05,1.27,0.92,-9.08,59.32,86.83
-0.08,0.75,0.79,37.15,-13.19,-13.44
0.28,0.47,0.15,14.71,-9.03,-19.35
0.29,1.06,0.64,-3.98,-8.43,24.54
-0.38,0.18,0.0,-32.19,-41.18,-31.62
0.38,1.06,0.95,-4.11,-75.27,-94.18
-0.09,1.14,0.39,-78.19,-42.01,-14.53
0.23,0.55,0.009999999,-92.6,-141.93,-75.3
-0.33,0.74,0.92,-95.15,-87.47,-102.96
0.42,-0.1,0.45,-57.54,-87.15,-27.05
0.49,0.91,0.73,-39.39,-5.12,-67.89
0.65,0.58,1.18,-52.56,-52.86,-34.55
0.37,0.76,1.21,-40.43,-46.07,-77.88
-0.19,0.58,-0.05,-25.19,-5.21,9.39
0.11,1.36,0.44,-4.0,15.88,-58.53
-0.1,0.44,0.71,-29.46,-23.54,-1.59
0.66,0.81,0.5,-38.21,2.89,-73.19
0.24,1.02,0.33,-13.68,14.4,17.08
0.58,0.4,0.25,77.95,41.44,7.32
0.21,1.16,0.34,-52.82,19.73,99.85
-0.53,0.27,-0.06,3.53,49.91,104.3
0.58,0.85,1.31,-29.47,195.49,250.13
0.18,-0.2,0.18,50.17,51.1,109.95
0.27,0.52,0.9599999,55.61,116.02,46.63
-0.22,0.55,1.36,87.69,43.21,-31.66
0.38,0.79,0.58,76.55,-105.57,113.15
0.87,0.6,0.77,-114.89,235.48,28.31
0.009999999,0.33,0.67,51.13,-16.79,106.08
0.08,0.009999999,-0.13,-121.96,21.16,-76.4