Ax,Ay,Az,Gx,Gy,Gz
0.09,0.0,0.95,-3.23,0.5,-0.89
0.08,-0.009999999,0.9599999,-3.06,0.24,-0.92
0.09,-0.009999999,0.9599999,-3.43,-0.09,-0.93
0.09,0.0,0.9599999,-3.49,-0.15,-0.92
0.08,0.0,0.9599999,-3.47,-0.47,-0.94
0.09,0.0,0.9599999,-3.4,-0.1,-0.82
0.09,-0.009999999,0.95,-3.26,0.36,-1.04
0.09,0.0,0.9599999,-3.5,-0.17,-0.99
0.09,0.0,0.9599999,-3.42,-0.31,-0.9599999
0.09,0.0,0.95,-3.17,0.21,-0.82
0.08,0.0,0.95,-3.14,0.27,-0.98
0.09,0.0,0.95,-3.5,-0.36,-0.88
0.09,-0.009999999,0.95,-1.95,-0.71,-0.91
0.09,-0.009999999,0.9599999,-3.28,0.27,-0.83
0.09,0.0,0.9599999,-3.74,-0.4,-0.89
0.09,-0.009999999,0.95,-3.44,-2.83,-1.24
0.1,-0.009999999,0.9599999,-2.51,-1.36,-1.08
0.1,-0.009999999,0.9599999,-3.79,-1.88,-0.9700001
0.1,-0.05,0.9700001,6.56,14.89,-15.76
-0.05,0.25,1.11,-11.44,43.1,-58.91
-0.13,0.04,0.72,-12.02,133.15,-8.2
-0.4,0.28,0.87,21.95,60.94,-21.98
-0.27,0.32,0.92,19.87,-31.88,7.92
0.56,-0.1,0.95,45.8,123.92,105.79
-0.48,-0.12,0.71,-89.45,-100.86,68.14
-0.66,0.34,0.69,63.77,130.95,105.4
-0.49,0.12,0.6,-56.07,112.67,-21.43
-0.61,-0.009999999,0.61,-70.09,-123.02,34.86
-0.15,0.34,0.48,143.21,157.78,-71.61
-0.53,0.16,0.77,-50.76,20.21,87.97
-0.65,0.24,0.72,11.73,-76.6,103.83
-0.49,0.38,0.72,-65.97,-29.4,78.1
-0.44,0.58,0.79,66.1,140.37,89.24
-0.17,0.62,0.82,35.15,50.31,53.66
-0.65,0.84,0.73,-6.37,4.61,-86.4
-0.17,0.77,0.82,-111.44,-57.18,14.77
-0.11,0.44,0.58,-94.42,15.9,10.67
-0.34,0.31,0.93,-60.85,3.84,20.61
-0.39,0.18,0.77,32.77,-33.88,59.53
-0.21,0.46,0.94,14.63,-25.64,38.4
-0.04,0.47,0.83,7.15,-2.47,-26.79
-0.07,0.43,0.88,-16.2,0.31,-7.9
-0.08,0.44,0.87,-0.89,-0.9,-0.42
-0.03,0.46,0.86,-4.44,-0.71,2.98
-0.08,0.45,0.85,-8.21,-4.4,0.79
-0.06,0.4,0.84,-4.42,0.29,-0.47
-0.03,0.43,0.89,-1.87,-2.15,1.95
-0.05,0.42,0.86,-2.58,2.08,3.67
-0.04,0.45,0.9,-3.06,-9.9,0.29
0.03,0.46,0.86,0.44,-5.55,1.11
0.06,0.47,0.84,-5.35,-2.94,-8.92
0.05,0.45,0.87,-5.25,0.95,0.79
0.009999999,0.44,0.87,0.12,-0.63,-7.97
-0.009999999,0.47,0.88,-1.24,-2.15,-2.15
0.009999999,0.48,0.86,-1.95,1.16,-5.5
0.0,0.47,0.87,-7.05,1.19,-3.28
-0.18,0.47,0.85,-12.72,0.98,-5.5
0.05,0.4,0.89,-20.18,-0.76,-5.86
0.16,0.42,0.84,-15.1,-4.18,-6.72
0.06,0.33,0.92,-67.89,20.84,-10.78
0.02,0.02,0.93,-52.15,7.41,-10.6
-0.1,-0.27,0.8,-31.37,4.5,2.92
-0.16,-0.28,0.92,13.06,-3.47,7.59
-0.12,-0.19,0.99,33.08,-18.31,21.41
0.06,0.12,0.92,24.74,-7.07,-20.61
0.02,0.17,0.94,3.15,-3.59,-10.31
-0.04,0.07,0.95,-9.04,3.53,11.04
-0.03,0.04,0.94,-5.69,0.39,1.67
-0.04,0.009999999,0.95,9.16,-7.32,0.64
-0.06,-0.03,1.0,20.55,-18.5,8.49
0.04,0.16,0.9599999,57.2,-27.69,-23.35
0.08,0.79,1.05,16.85,2.32,-36.83
0.009999999,0.6,0.91,-33.9,-3.14,-67.69
0.04,0.31,0.64,-14.44,-3.06,-101.83
-0.31,0.13,0.79,-0.54,-28.02,-65.52
-0.17,0.22,0.8,-15.65,-9.71,-53.77
-0.22,0.17,0.98,-4.24,-2.95,-43.01
-0.15,0.18,1.22,22.03,-4.91,-15.42
-0.11,-0.12,0.74,-29.15,-23.17,-32.82
-0.18,0.14,1.27,-4.58,1.89,-43.24
-0.09,0.26,0.57,-14.73,-6.82,-29.4
0.18,0.02,1.14,-0.87,-16.86,9.43
-0.02,0.18,0.74,25.39,-22.27,-14.41
-0.009999999,0.18,0.95,8.94,-13.9,-42.24
-0.14,0.26,0.85,-8.23,-4.73,-36.61
-0.09,0.02,0.66,-3.76,11.63,-37.98
-0.1,-0.05,0.88,-11.79,13.39,-63.01
-0.22,-0.09,1.23,-15.31,23.95,-104.85
-0.32,0.26,0.9,162.0,115.41,-209.81
-0.009999999,0.08,0.93,-56.16,-15.48,-58.62
-0.07,0.44,1.12,114.05,-46.61,-11.0