Ax,Ay,Az,Gx,Gy,Gz
0.03,0.09,0.95,-2.12,2.72,-5.53
0.07,0.05,0.93,7.99,-5.79,-10.76
0.13,0.05,0.9700001,10.92,-0.05,0.95
0.11,0.12,1.15,24.18,-28.9,37.82
0.53,0.2,0.69,-32.97,-8.81,45.37
0.51,0.28,1.27,-23.21,-40.76,-20.31
-0.18,0.009999999,0.24,47.71,-24.2,58.99
0.35,0.5,1.27,-23.3,59.6,50.02
0.1,0.18,1.03,33.18,-57.9,69.51
0.06,0.03,0.57,12.91,46.04,105.68
0.73,0.36,1.28,86.21,12.43,180.05
0.08,-0.12,0.12,10.18,-22.66,98.53
0.95,0.03,1.59,17.88,38.25,52.91
-0.03,-0.04,0.27,67.85,-19.0,92.33
0.54,0.39,1.1,-0.5,33.37,70.2
0.64,0.19,1.23,38.34,-51.56,48.27
0.05,0.05,0.39,-8.59,19.39,33.52
0.9599999,0.52,1.55,4.28,21.27,0.95
0.22,-0.09,0.11,-37.07,-130.6,-48.21
0.94,0.05,1.33,-85.78,26.76,-62.51
0.28,0.29,0.98,3.98,-56.21,-44.18
0.75,0.04,0.78,-64.47,-4.05,-65.95
0.82,-0.27,1.39,-112.16,-93.48,-137.85
0.21,-0.19,0.22,-63.01,-0.25,-124.01
0.67,0.09,1.25,-77.4,16.86,-74.29
0.87,0.23,1.29,-26.82,4.97,0.95
0.33,-0.15,0.68,-66.79,-66.4,-115.57
0.37,0.16,0.68,-65.06,88.02,-56.63
0.91,0.31,1.31,13.76,-6.04,-8.99
-0.03,0.0,-0.24,-43.51,4.24,-16.66
0.67,-0.02,1.75,-39.15,38.48,-72.11
-0.18,-0.12,0.04,35.19,-42.41,66.97
0.69,0.21,1.45,-9.63,58.31,51.49
-0.02,-0.13,0.89,-9.1,-57.69,54.75
0.11,0.009999999,0.58,0.74,48.99,93.78
0.72,0.19,1.24,74.49,-7.69,196.0
0.39,-0.07,0.26,5.72,25.82,115.72
1.15,0.15,1.61,38.44,-17.87,75.46
-0.23,-0.03,-0.17,48.39,-4.48,39.02
0.42,0.42,1.31,-9.53,46.94,55.6
0.15,0.04,0.9599999,6.63,-59.09,17.81
-0.13,-0.02,1.0,-63.05,52.51,-33.98