Ax,Ay,Az,Gx,Gy,Gz
-0.02,-0.14,0.94,-3.56,0.05,-1.05
-0.009999999,-0.15,0.95,-3.25,-0.21,-1.02
0.0,-0.14,0.95,-3.23,0.08,-0.9
-0.009999999,-0.14,0.95,-3.24,0.06,-0.79
-0.009999999,-0.14,0.95,-3.31,-0.15,-0.91
-0.02,-0.14,0.95,-3.18,0.11,-0.94
-0.009999999,-0.14,0.95,-3.34,0.03,-1.05
-0.009999999,-0.13,0.95,-3.26,-0.14,-0.98
-0.009999999,-0.14,0.94,-3.16,-0.13,-0.95
-0.009999999,-0.14,0.95,-3.2,0.15,-1.15
-0.009999999,-0.14,0.94,-3.29,-0.05,-0.95
-0.009999999,-0.14,0.94,-3.2,0.14,-1.08
0.0,-0.14,0.9599999,-3.11,0.15,-0.92
-0.02,-0.14,0.95,-3.31,0.14,-0.89
-0.009999999,-0.14,0.95,-3.36,-0.009999999,-0.95
-0.009999999,-0.14,0.9599999,-3.24,0.03,-1.04
-0.009999999,-0.13,0.95,-3.2,0.11,-1.04
-0.009999999,-0.14,0.95,-3.37,-0.06,-1.08
0.0,-0.14,0.95,-3.4,-0.05,-1.06
-0.02,-0.14,0.95,-3.24,-0.2,-0.82
-0.009999999,-0.14,0.9599999,-3.41,0.06,-0.9700001
-0.02,-0.14,0.9599999,-3.43,-0.12,-0.9700001
-0.009999999,-0.14,0.94,-3.18,-0.21,-1.09
-0.009999999,-0.14,0.95,-3.15,-0.08,-1.07
-0.009999999,-0.14,0.95,-3.18,-0.16,-0.94
-0.009999999,-0.14,0.95,-3.11,0.0,-1.08