Ax,Ay,Az,Gx,Gy,Gz
-0.39,-0.6,0.74,19.82,36.59,-16.47
-0.15,-0.59,0.41,4.81,2.87,63.64
-0.07,-0.12,0.3,5.63,70.15,144.47
0.52,0.44,-0.06,-82.69,171.37,250.13
-2.8,0.15,-0.16,-5.24,189.37,-26.37
-1.29,0.66,0.56,-87.15,-185.3,-36.65
-0.7,0.22,0.43,-44.83,19.3,-100.25
-0.68,-0.19,0.47,-16.11,-40.26,-50.89
-0.43,-0.42,0.41,-35.91,9.6,-18.4
-0.06,-0.29,0.07,34.93,76.15,17.5
0.06,0.07,0.009999999,57.45,250.13,131.07
1.71,0.16,0.99,146.11,-248.18,-136.51
-0.07,0.09,-0.9700001,-0.17,-122.78,8.53
-0.75,-0.09,-1.48,-92.86,-248.18,-50.85
0.04,0.07,-0.73,-17.56,-195.15,10.77
-0.1,0.02,-1.06,-58.15,-191.26,13.34
-0.9599999,0.82,-0.72,-8.5,-248.18,58.13
-0.5,0.15,-0.05,-24.64,-65.21,-167.12
-0.39,-0.39,0.15,8.43,-25.97,-26.54
-0.06,-0.45,-0.19,49.57,15.53,4.04
0.06,0.03,-0.04,-28.08,250.13,44.79
-0.27,0.71,-0.75,-41.57,-248.18,115.09
-0.4,1.46,0.16,-171.53,60.79,157.62
-0.2,0.75,-0.02,63.02,86.24,-210.02
-0.1,-0.28,-0.009999999,50.67,-56.06,-6.29
-0.17,1.68,0.06,12.29,-16.0,53.78
-0.21,0.18,-1.09,250.13,98.69,26.24