Ax,Ay,Az,Gx,Gy,Gz
-8.25,4.84,8.78,43.11,-248.18,-93.28
-0.41,0.52,0.27,-87.94,-19.23,-243.21
0.12,-0.26,0.03,-108.05,22.65,-213.92
0.9700001,-0.39,0.19,33.21,6.19,57.43
-0.08,-0.17,-0.29,-15.56,-7.49,131.61
-1.75,1.63,1.23,-165.18,250.13,-149.15
-0.75,0.34,0.9,-80.84,-36.61,-188.83
0.16,-0.32,-0.06,-11.71,33.55,-180.39
0.81,-0.35,-0.009999999,-1.67,-34.19,156.86
-0.1,-0.42,-0.08,8.58,116.27,134.34
-2.18,0.81,2.21,18.15,92.88,-32.64
-0.81,0.21,0.34,-130.52,-68.57,-155.71
0.38,-0.64,0.02,6.47,69.95,-120.55
0.49,-0.48,0.41,56.6,52.19,83.28
-0.32,0.1,-0.19,52.69,-54.56,231.24
0.07,0.77,0.58,54.95,-114.01,127.63
-0.7,0.25,0.34,-122.2,-67.15,-205.09
0.57,-0.54,-0.1,52.73,114.95,-170.54
-0.03,-0.07,0.27,-57.69,86.63,62.71
-2.44,5.76,2.39,56.51,-72.8,250.13
-0.63,0.11,-0.22,17.63,-17.18,-221.5
-0.08,-0.39,0.24,-47.66,-106.43,-46.18
0.29,-0.24,-0.02,62.96,-54.82,151.98
-0.82,1.35,1.54,-86.47,250.13,-79.95
-0.69,0.26,0.53,-58.08,-0.05,-158.89
-0.21,-0.33,0.24,-16.88,75.82,-100.81
-0.7,-0.45,0.5,-29.43,-32.94,56.02
-0.81,-0.46,0.17,-41.02,-18.35,-27.41
-0.39,-0.44,0.31,25.05,77.03,21.54
0.23,0.73,1.45,-248.18,250.13,250.13
-0.34,-0.13,-0.5,164.2,247.59,-133.74
2.47,-0.42,2.77,-248.18,119.85,250.13