Ax,Ay,Az,Gx,Gy,Gz
0.04,-1.01,-0.14,20.21,-11.98,12.59
-0.42,-0.8,0.05,2.88,84.68,40.15
-0.14,-0.79,0.26,-84.09,-40.28,54.5
-0.35,-0.82,-0.89,-35.15,103.5,-101.02
0.21,-0.9700001,0.06,1.37,-3.13,-6.95
0.24,-0.95,0.11,8.47,0.82,-3.17
0.24,-0.99,0.15,-6.11,-14.85,10.93
0.05,-1.14,0.11,-10.78,-11.73,20.56
0.24,-0.83,-0.35,-28.39,59.37,7.62
0.55,-1.0,-0.65,9.24,5.02,93.73
0.29,-0.02,-0.21,92.33,-53.82,155.86
-0.91,0.4,-1.15,250.13,-160.91,174.67
1.23,1.42,-2.13,-248.18,250.13,64.72
-0.15,0.17,-1.04,-16.64,-8.98,-5.86
0.03,0.18,-1.15,178.78,90.09,-2.95
0.8,-0.41,-1.51,116.82,-14.37,-30.47
-0.02,-0.28,0.51,33.47,-140.58,77.37
-0.06,-0.44,-0.24,13.52,-248.18,163.21
-0.46,0.17,-1.43,90.85,-248.18,-67.8
-0.05,0.23,-1.04,-0.18,16.63,-1.54
-0.04,0.18,-1.04,-2.66,1.54,-0.95
-0.04,0.18,-1.05,-1.92,1.17,-1.15