Ax,Ay,Az,Gx,Gy,Gz
-0.009999999,-0.78,0.5,-1.64,42.92,21.82
-0.26,-0.49,0.65,-7.34,32.27,87.97
-0.85,-0.82,-0.3,-74.02,-14.65,-4.71
0.26,-0.53,0.72,-3.21,-0.71,-1.95
0.25,-0.55,0.64,12.16,-4.22,-7.16
0.34,-0.49,0.84,-3.15,10.82,-8.15
0.33,-0.43,0.73,0.25,11.18,-0.41
0.02,-0.38,0.56,24.69,0.86,-17.51
0.24,0.02,-0.15,39.4,-248.18,-42.03
-0.81,0.74,0.07,-209.21,60.37,-40.67
0.28,1.13,-0.55,18.08,-86.43,-47.3
0.22,0.87,-0.5,-4.07,-1.15,-1.96
0.74,0.77,-1.03,-13.73,-193.85,38.65
0.15,1.07,-0.56,4.7,-1.29,-2.6
0.29,0.92,-0.94,-8.55,80.4,19.98
0.65,1.13,-1.5,194.33,32.69,92.29
0.72,0.3,-0.64,182.51,-32.3,74.56
0.13,-0.37,-0.17,61.35,-25.92,45.25
0.14,-0.67,-0.58,-27.74,-37.29,-15.97
0.14,-0.53,-0.7,-35.61,2.04,-9.69
0.37,-0.4,-0.66,-48.59,43.63,-35.7
0.23,0.02,0.13,-13.0,-195.88,-23.93
0.82,-0.19,-0.11,-248.18,250.13,-23.98
0.58,0.79,-0.41,-5.41,-88.9,-12.44
0.5,0.75,-0.5,-7.02,-12.08,-3.26
0.54,0.72,-0.47,-19.59,-80.98,-42.79
0.28,0.65,-0.44,27.05,95.07,30.42
0.25,1.27,-0.45,-43.93,250.13,-89.81
1.0,1.16,0.53,81.85,-59.61,250.13
0.66,0.05,0.06,-19.47,-83.45,236.41
-0.26,-0.44,-0.38,126.24,-248.18,198.25
-1.09,-0.2,0.58,-105.57,21.06,-150.33
0.22,0.52,0.23,-119.24,29.52,-171.41
16.0,10.47,6.36,-248.18,-212.19,250.13
0.51,0.92,0.33,-8.05,-161.18,166.5
1.18,0.69,0.66,-5.46,-60.77,177.32
0.26,-0.04,0.24,-95.48,-64.18,236.9
0.34,-0.68,-0.03,-115.5,85.88,111.07
-0.4,-0.79,-0.95,-47.94,-60.95,71.08
-0.63,-0.34,-0.94,84.66,-6.37,-65.82
-0.09,1.95,0.08,250.13,101.85,-248.18
0.59,0.9599999,1.03,-156.63,34.19,135.99
0.09,1.22,0.87,-194.2,-135.26,227.34
0.09,-0.08,0.24,-97.44,-248.18,200.11
0.09,-0.59,-0.26,-35.4,-68.79,178.75
-0.99,-0.53,0.04,37.79,-37.76,128.79
-0.94,-0.02,0.16,-42.39,52.84,-132.34
-0.24,4.38,1.02,125.99,250.13,-248.18
0.74,1.14,1.21,250.13,102.53,-248.18
0.68,0.83,1.74,-218.13,46.79,151.43
-0.39,0.31,0.27,-84.73,-248.18,250.13
-1.34,0.37,0.9,97.2,129.04,22.89
-0.57,0.43,0.41,-78.02,102.15,-247.76
0.24,3.34,0.74,211.15,250.13,-248.18
0.18,0.04,1.69,199.13,-45.01,-162.76
0.44,-0.05,1.27,-193.72,-76.3,154.32
0.04,-0.2,0.41,-248.18,-21.13,120.08
-0.23,0.1,-0.65,-194.85,-107.04,95.4
-1.09,0.65,-1.39,-220.73,-108.85,79.12
-0.8,1.04,-0.86,149.27,50.95,-115.1
-0.12,0.84,-0.09,250.13,250.13,-248.18
0.88,2.9,4.28,250.13,122.68,-248.18
0.49,0.68,1.03,-124.04,-96.82,27.72
-0.09,0.49,1.2,-121.1,-10.12,-78.49
0.56,0.02,0.76,-91.18,-153.81,86.31
0.37,-0.44,0.03,-40.59,-4.32,31.9
0.76,-0.34,0.45,58.17,154.08,-7.88
0.27,0.1,-0.18,142.3,-248.18,-43.57
1.88,0.64,-2.02,250.13,250.13,250.13
0.36,0.58,-0.84,52.96,15.12,39.35
0.5,0.51,-0.8,-5.04,3.85,2.38
0.5,0.5,-0.8,-2.45,-1.45,-1.49
0.52,0.48,-0.8,-3.76,-0.63,0.84
0.51,0.47,-0.8,-0.05,1.35,3.63
0.52,0.47,-0.8,-4.96,1.47,-1.15
0.54,0.47,-0.8,0.22,3.46,4.53
0.55,0.45,-0.8,-0.24,4.79,6.81
0.59,0.41,-0.78,3.74,13.76,13.79
0.67,0.33,-0.74,16.87,36.34,32.02
0.78,0.2,-0.7,6.25,13.66,12.28
0.8,0.17,-0.68,-1.37,3.59,2.34
0.8,0.17,-0.68,-2.55,1.58,0.56
0.8,0.16,-0.68,-2.48,1.06,0.13
0.81,0.16,-0.67,-2.97,0.48,-0.46