Ax,Ay,Az,Gx,Gy,Gz
-0.39,-1.0,0.17,-3.49,12.75,12.06
-0.21,-0.78,0.12,35.58,-28.07,31.32
-0.47,-0.66,0.12,-10.32,-74.98,25.81
-0.14,0.13,-0.89,49.24,-194.92,-74.35
0.11,1.22,-0.17,-248.18,-248.18,-248.18
-3.96,0.35,-3.89,-0.57,-136.94,76.26
0.39,0.18,-0.93,-0.05,-15.18,-0.24
0.4,0.18,-0.98,-2.95,-7.02,-1.0
0.41,0.16,-0.9599999,-9.72,-1.92,1.4
0.39,0.17,-0.9700001,-3.47,0.02,-1.12
0.39,0.17,-0.9700001,-3.09,-0.99,-0.98
0.39,0.17,-0.98,-3.58,-0.9599999,-1.4
0.38,0.17,-0.98,-2.82,0.63,-0.58