Time,Ax,Ay,Az,Gx,Gy,Gz
12:59:30,0.009999999,-0.28,0.47,18.89,-38.53,60.02
12:59:31,-0.58,1.91,1.55,250.13,250.13,135.76
12:59:31,-0.71,1.07,1.04,-167.05,22.63,-21.9
12:59:31,-0.4,0.05,0.42,-51.1,54.12,-99.2
12:59:31,-0.37,-0.26,0.5,-10.66,-2.75,-30.07
12:59:31,-0.66,-0.22,0.58,-1.45,22.63,6.42
12:59:32,-0.99,-0.07,0.71,-2.45,-30.94,-27.63
12:59:32,-0.53,-0.35,0.65,-39.77,133.21,-155.66
12:59:32,0.09,-0.44,0.34,-5.06,90.6,36.96
12:59:32,0.04,-0.23,-0.2,-67.49,51.62,39.67
12:59:33,-15.88,8.79,-15.88,250.13,250.13,231.76
12:59:33,0.08,0.009999999,0.32,-248.18,-248.18,250.13
12:59:33,-0.81,0.33,-1.61,-16.17,-187.32,76.53
12:59:33,-0.52,1.17,0.17,43.0,-248.18,250.13
12:59:33,-0.52,0.89,0.68,-28.67,142.34,-159.6
12:59:34,-0.42,0.37,0.42,64.16,32.05,-106.94
12:59:34,-0.52,-0.12,0.39,-26.85,-36.12,-4.38
12:59:34,-0.58,-0.11,0.4,-26.95,6.28,-1.4
12:59:34,-0.6,0.48,0.49,96.43,-12.32,66.63
12:59:34,-0.36,0.31,0.1,146.28,-45.13,29.89
12:59:35,0.0,0.07,-0.05,239.6,250.13,-205.47
12:59:35,0.62,0.1,-0.34,-248.18,-248.18,165.03