Ax,Ay,Az,Gx,Gy,Gz
-0.1,-0.92,-0.009999999,-53.48,-73.15,-82.69
0.43,-1.28,-0.12,-13.99,-16.09,-14.73
0.13,-0.94,-0.29,-0.77,-31.58,6.03
-0.04,-1.06,0.05,19.34,92.43,13.85
0.06,-1.0,-0.2,-17.17,-10.45,57.07
0.18,-0.64,-0.42,101.22,162.95,104.87
-0.15,0.13,0.22,196.04,-47.89,45.49
0.35,1.96,0.04,109.4,-248.18,-248.18
-0.16,0.1,-0.02,197.75,-58.77,-204.79
0.8,-0.009999999,0.6,-3.69,-5.08,-2.47
0.75,-0.009999999,0.65,-2.93,0.04,-0.89
0.74,-0.009999999,0.67,-3.34,0.18,-0.88
0.66,0.0,0.7,-6.15,-3.32,-5.79
0.74,-0.02,0.67,-3.1,4.66,-1.17
0.73,-0.009999999,0.68,-3.17,-1.69,-1.63
0.75,-0.009999999,0.68,-5.0,18.03,1.37
0.71,-0.009999999,0.69,-3.37,3.0,-0.76
0.71,-0.009999999,0.7,-2.96,0.71,-1.02