Ax,Ay,Az,Gx,Gy,Gz
-0.04,-0.67,0.04,-21.7,69.93,-67.38
0.009999999,-0.23,0.67,-43.65,240.81,19.81
-0.19,1.23,-1.08,-248.18,-207.31,250.13
-1.01,0.72,0.22,-179.82,-128.63,-173.83
-0.7,-0.12,0.9,55.87,11.21,-74.89
-0.23,-0.5,0.32,43.17,-13.08,-53.12
-0.11,-0.55,0.35,20.15,161.16,-30.08
-0.49,-0.26,0.43,-4.72,68.08,53.21
0.03,0.13,0.19,-83.79,250.13,22.06
-0.02,0.03,0.05,-69.99,76.11,-70.21
0.9,-0.47,-2.02,-72.31,-128.45,67.79
-0.28,0.37,-1.1,34.43,-248.18,13.66
-0.74,0.2,-0.4,16.48,8.41,-28.74
-1.02,0.02,-0.5,12.17,-75.76,-24.84
-1.52,-0.06,-0.66,-10.44,-248.18,-176.55
0.2,-0.64,-0.21,52.09,42.89,-80.21
-0.02,-0.64,0.44,-3.31,29.69,37.45
0.07,0.12,0.07,-23.6,70.52,113.22
-0.02,0.009999999,-0.25,-24.79,250.13,-76.74
0.35,-0.05,0.19,-57.24,74.31,18.1
-0.49,0.16,-1.3,-92.38,-158.1,11.1
-0.2,0.02,-1.05,-1.56,1.76,0.87
-0.9599999,1.16,-1.83,-150.73,-248.18,225.05
-0.62,0.36,-0.04,-83.89,36.21,-110.72
0.46,0.11,1.58,-104.94,-248.18,-39.25
-0.36,-0.32,0.61,-96.14,24.39,-154.85
-0.08,-0.7,0.51,7.99,41.74,-7.38
-0.25,-0.36,0.47,27.23,52.26,-2.16
-0.51,-0.12,0.14,-10.24,231.78,-78.78
0.12,1.47,-1.05,-248.18,250.13,208.38