Ax,Ay,Az,Gx,Gy,Gz
0.009999999,-0.08,0.87,1.17,-8.06,-6.98
0.03,-0.04,0.9700001,-0.11,2.08,-9.24
0.009999999,-0.06,0.99,-4.99,-10.0,-10.79
0.08,-0.009999999,0.94,-1.46,-11.95,-10.76
0.09,-0.05,0.98,-4.16,2.53,-11.01
0.27,-0.08,1.0,8.14,-12.78,-2.18
0.05,0.02,1.01,-11.22,-0.03,9.63
0.07,0.1,0.83,-13.34,17.18,23.72
0.18,0.2,1.15,4.28,1.26,-57.08
0.009999999,0.03,1.17,16.54,-1.49,-30.66
0.15,-0.07,0.9,-3.85,8.1,-17.85
0.2,0.1,1.02,-18.23,17.66,23.45
-0.09,0.07,0.79,-0.05,-32.01,63.97
0.05,-0.04,1.08,-13.08,7.31,70.66
-0.07,-0.23,0.9599999,-13.23,6.69,85.05
-0.009999999,-0.1,1.01,-16.28,7.15,25.13
0.09,-0.16,0.9599999,-37.1,-8.4,38.21
-0.34,-0.27,0.83,-26.32,-1.13,13.81
-0.48,-0.37,0.79,-41.26,27.86,41.44
-0.57,-0.17,0.79,7.37,-33.45,-11.99
-0.07,-0.16,0.81,38.7,-29.12,-22.01
-0.03,-0.13,1.19,0.44,6.95,-12.47
-0.12,-0.28,1.05,-5.13,26.38,-23.33
-0.12,-0.39,0.94,-1.6,6.31,-19.19
-0.1,-0.37,0.78,-20.19,-12.1,0.27
-0.09,-0.29,0.93,4.79,-9.73,-20.31
-0.04,-0.26,0.94,3.69,-9.33,-1.89
-0.12,-0.26,0.95,-1.01,2.18,-1.74
0.09,-0.22,0.82,3.16,3.44,3.95
0.04,-0.24,1.0,-13.36,-53.16,47.16
-0.19,-0.24,0.9700001,-21.33,-14.3,36.95
-0.08,-0.15,0.93,-17.25,24.33,21.64
-0.29,0.03,0.81,1.02,30.85,-26.68
0.1,-0.2,1.01,-5.15,17.08,-1.15
-0.2,-0.28,0.87,-5.61,4.72,18.05
-0.42,-0.1,1.08,-26.68,16.53,-17.22
-0.17,-0.34,0.78,17.34,3.72,4.25
-0.33,-0.22,0.99,-11.47,-2.27,-5.52
-0.2,-0.2,0.84,-10.24,-8.03,2.21
-0.26,-0.21,0.93,9.86,-4.27,-2.51
-0.22,-0.25,0.82,-11.92,2.83,-0.21
-0.29,-0.19,0.74,17.09,9.03,-32.87
-0.31,-0.16,1.0,26.84,-96.06,24.26
-0.44,-0.07,1.22,24.83,-60.64,13.31
-0.07,-0.16,0.85,1.2,7.48,-13.5
-0.25,0.03,1.12,1.22,-2.75,3.42
-0.03,-0.48,0.57,14.18,36.88,-28.66
-0.51,-0.14,1.41,-27.87,-32.79,18.59
-0.23,-0.27,0.79,-1.03,-6.85,8.5
-0.55,-0.24,0.57,47.73,156.48,19.66
-0.25,-0.76,0.85,-209.54,-248.18,11.0
0.24,-0.11,1.32,250.13,250.13,-20.22
-0.1,-0.47,1.02,39.43,73.16,50.82
-0.07,-0.45,0.81,-13.12,41.91,21.35
-0.21,-0.54,0.84,-24.94,57.77,58.95
-0.18,-0.49,0.83,-87.12,49.24,138.5
-0.55,-0.42,0.33,-54.88,29.71,57.56
-0.84,-0.24,0.31,-59.24,-30.58,18.41
-0.72,0.26,0.45,-248.18,-203.91,-4.29
0.21,-0.49,-0.31,10.67,-165.02,27.67
-1.78,-0.54,-0.42,-194.73,-42.27,-84.01
-0.02,-1.02,0.06,113.28,68.35,-174.85
1.82,0.22,0.07,212.15,-1.13,-230.56
0.73,0.18,1.07,171.45,44.92,250.13
-0.1,0.16,0.88,160.3,142.6,2.47
-0.11,0.58,0.55,-216.24,65.94,-45.83
-0.3,-0.23,0.45,20.27,0.26,67.1
-0.69,-0.03,1.2,-187.34,-153.05,-210.53
-0.65,-0.49,0.75,32.85,-61.23,15.26
-0.28,-0.14,0.92,-192.35,-89.57,134.45
-0.63,-0.15,0.89,75.31,8.39,-248.18
0.25,0.02,0.49,50.4,250.13,-109.95
-0.21,-0.28,0.72,137.24,-142.97,-120.15
0.03,0.22,1.66,68.24,62.62,82.85
0.94,-0.13,0.8,-61.79,-37.08,113.5
-0.34,-0.7,1.03,-110.29,64.4,-105.05
-0.26,0.24,1.03,23.77,200.16,-135.42
-0.23,-0.44,0.2,-98.91,-75.23,-115.51
-0.13,-0.52,0.81,-16.37,84.02,21.64
-0.21,-0.49,0.76,-5.11,-7.16,4.3
-0.12,-0.48,0.73,-0.44,1.15,-0.83
-0.17,-0.48,0.83,-1.06,5.05,-3.22
-0.18,-0.5,0.84,-4.35,9.55,-4.51
-0.09,-0.46,0.77,-9.58,-3.03,2.78
-0.08,-0.48,0.83,6.05,92.07,5.78
-0.51,-0.45,0.9599999,19.94,-71.6,19.62
-0.09,-0.48,0.66,-22.85,39.53,-19.02
-0.08,-0.49,1.1,37.14,68.44,-0.56
-0.54,-0.42,0.53,-57.63,-59.44,48.72
-0.71,-0.48,0.08,113.4,-70.61,-31.59
0.24,-0.07,1.17,16.5,-15.01,-54.64
0.28,-0.57,0.37,-74.18,-73.02,-34.5
0.72,-0.25,0.76,0.77,2.7,11.15
0.31,-0.29,0.87,-9.85,81.66,-9.62
-0.14,-0.47,0.83,-18.16,56.18,-37.1
-0.06,-0.49,0.92,2.15,32.6,-16.93
0.08,-0.43,0.79,-46.92,-5.95,22.77
0.26,-0.39,0.82,44.02,60.62,20.6
0.04,-0.37,1.06,9.3,-50.75,28.36
0.18,-0.3,0.9,-58.44,30.7,-9.5
0.08,-0.37,0.7,-3.37,-12.31,36.06
0.12,-0.26,1.05,-11.27,25.13,7.82
-0.21,-0.29,0.9599999,-2.23,15.17,-26.49
-0.19,-0.39,0.68,18.43,-7.69,-69.89
-0.32,-0.29,0.92,28.18,30.08,-63.35
-0.27,-0.18,0.68,52.94,70.85,-116.65
-0.1,-0.31,1.01,21.36,24.81,-72.97
-0.34,-0.18,0.83,27.53,-13.92,-144.02
-0.15,-0.41,0.66,-8.19,0.5,-81.0
-0.33,-0.39,0.9700001,12.76,3.41,-82.8
-0.12,-0.35,0.9599999,10.16,27.67,-85.67
-0.38,-0.22,1.0,3.76,29.08,-78.11
-0.12,-0.24,0.9,11.24,30.83,-35.04
-0.28,-0.26,0.88,-4.28,1.77,-15.98
-0.24,-0.32,1.05,19.85,5.53,-43.37
-0.09,-0.41,0.8,16.77,22.14,-41.87
-0.32,-0.36,0.78,16.3,17.72,-52.76
-0.27,-0.25,0.92,3.96,-19.51,-3.66
-0.12,-0.23,0.98,-12.31,10.12,-15.49
-0.12,-0.25,0.87,7.53,-8.05,33.44
-0.41,-0.24,0.93,8.0,2.85,-35.78
-0.27,-0.33,0.87,2.08,6.9,23.08
-0.19,-0.22,0.85,-10.12,-15.45,41.27
-0.13,-0.24,0.83,-11.25,-9.51,47.36
-0.42,-0.08,0.77,1.44,30.02,-2.49
-0.12,-0.16,0.81,-21.46,-8.07,40.46
-0.52,-0.18,0.68,-37.04,-9.59,70.56
-0.38,-0.08,0.99,-15.92,-37.18,104.84
-0.32,-0.1,1.02,8.56,-18.94,157.37
-0.48,-0.08,0.79,-22.0,10.64,82.82
-0.18,-0.07,0.92,-44.67,-14.85,57.79
-0.29,-0.08,0.72,-40.59,-62.98,71.52
-0.29,-0.35,0.84,-60.09,-47.69,71.67
-0.29,-0.3,0.77,-29.86,-33.11,92.21
-0.28,-0.29,0.79,-23.4,-42.02,115.88
-0.4,-0.02,1.0,-30.97,-17.4,122.46
-0.37,-0.18,0.79,-25.58,-30.57,96.08
-0.11,-0.17,0.65,-21.4,-28.03,73.44
-0.35,-0.07,0.86,-13.18,-40.22,80.24
-0.57,-0.45,1.05,-10.26,64.6,-60.5
0.06,-0.37,1.0,62.22,-24.67,-52.25
-0.29,-0.35,1.0,-18.66,-4.08,6.57
-0.17,-0.4,0.9,24.59,3.82,-6.5
-0.18,-0.22,0.8,25.64,24.81,-37.83
-0.16,-0.26,0.73,-12.85,-3.07,12.76
0.25,-0.2,1.17,-46.85,-29.92,82.11
-0.45,-0.07,0.9599999,11.2,-55.69,137.0
-0.009999999,-0.03,0.88,-16.39,-44.55,108.97
-0.22,0.06,0.87,-8.44,-40.53,79.96
-0.23,-0.009999999,1.1,-60.05,20.18,-12.64
0.2,-0.48,0.53,-42.97,-4.34,-7.93
0.29,-0.03,0.71,9.51,-71.1,55.4
-0.04,-0.32,0.55,-60.47,2.57,-42.37
-0.02,-0.25,1.05,-6.44,-31.99,-28.55
0.43,-0.12,0.89,-10.02,-43.35,-31.35
0.3,-0.39,0.77,25.61,-122.55,71.3
0.51,-0.4,0.78,-44.21,26.95,10.83
0.56,-0.22,0.57,-12.93,50.81,-15.93
0.54,-0.26,0.8,-10.96,15.35,-36.39
-0.02,0.2,1.32,87.54,26.99,-48.91
0.46,-0.18,0.77,-14.66,-8.26,-47.34
0.23,0.16,1.01,-18.89,38.76,-25.11
0.61,-0.44,0.85,-9.1,-34.48,3.96
0.39,0.02,0.72,-0.1,-7.81,10.89
0.49,0.0,0.83,-25.22,4.2,-12.85
0.24,0.009999999,0.88,9.75,10.57,-7.05
0.31,-0.009999999,0.88,8.49,9.5,2.99
0.24,0.09,0.94,-14.23,-19.92,-0.89
0.36,-0.14,0.85,2.08,2.63,-7.73
0.31,-0.05,0.86,0.61,-0.69,-13.34
0.34,-0.21,1.05,-23.07,-5.92,-56.52
0.14,0.0,1.03,-11.11,25.21,-62.85
0.19,-0.09,0.91,-7.18,-0.67,-43.72
0.33,-0.02,1.07,-19.95,13.37,-63.34
0.22,0.11,1.14,-20.23,8.59,-76.97
0.21,-0.05,0.9700001,-42.11,-0.11,-116.44
0.14,-0.02,0.92,-11.76,19.1,-114.59
0.2,-0.11,0.98,-28.38,11.12,-77.21
0.27,-0.17,0.89,-17.4,-6.36,-55.85
0.29,-0.1,0.84,-39.27,13.34,-49.79
0.33,0.02,0.99,5.01,8.44,-21.73
0.36,0.0,0.9599999,-10.11,9.46,-41.11
0.35,-0.18,0.9599999,-11.95,-8.31,-23.44
0.23,-0.14,0.92,-13.46,2.88,-40.12
0.19,-0.12,0.9,-9.43,8.77,-24.81
0.26,-0.07,0.99,-2.07,-16.27,-1.17
0.3,0.06,0.9,-14.11,-2.65,9.99
0.37,-0.1,0.79,-1.18,5.03,12.84
0.36,-0.05,1.0,-5.53,-10.14,1.18
0.23,-0.11,1.01,-3.6,-8.11,7.11
0.24,-0.08,0.86,-1.89,-0.45,-8.26
0.22,-0.04,0.9,0.9599999,4.45,6.44
0.47,-0.15,0.99,34.81,-27.42,83.83
0.37,-0.06,0.93,-0.28,-12.32,42.21
0.39,-0.08,0.87,11.36,-2.68,29.66
0.34,-0.03,0.92,-1.85,-4.12,20.77
0.15,0.0,1.02,-13.91,-4.45,17.31
0.22,0.0,0.9700001,23.85,-7.37,43.39
0.36,-0.06,0.92,10.71,-1.84,43.78
0.48,-0.22,0.92,11.28,-26.41,65.4
0.38,0.009999999,0.75,21.38,-16.05,63.34
0.32,0.11,0.91,25.48,3.91,62.56
0.41,-0.03,1.0,-8.73,-10.5,44.67
0.26,0.07,0.95,19.98,-1.81,57.27
0.26,-0.009999999,0.98,27.78,0.68,78.02
0.21,-0.18,0.91,23.64,-11.01,75.54
0.35,-0.16,0.9,17.77,-13.07,87.95
0.22,0.0,0.91,16.35,10.88,77.62
0.23,-0.1,0.86,-3.07,-7.4,73.33
0.36,-0.08,0.84,37.6,-2.99,80.79
0.27,-0.05,0.9700001,33.53,-25.95,63.05
0.13,0.12,0.91,17.55,16.3,27.59
0.09,0.17,0.89,-7.06,-5.0,-36.63
0.43,-0.09,1.09,20.48,-15.4,35.93
0.19,0.27,0.78,17.03,72.27,9.69
0.2,-0.06,1.0,-24.17,-31.89,66.9
0.1,0.12,1.14,-0.58,55.21,-15.15
-0.22,0.14,0.93,-2.07,54.63,-46.02
-0.36,-0.06,0.92,-23.42,29.1,-21.54
-0.4,-0.04,0.77,6.23,6.18,-2.78
-0.47,-0.1,0.88,8.32,-6.32,15.29
-0.45,0.05,0.82,7.91,-5.73,2.69
-0.38,0.04,0.9,1.73,1.58,2.54
