Ax,Ay,Az,Gx,Gy,Gz
-0.04,0.13,1.08,-17.39,10.5,9.93
-0.14,0.16,1.0,-14.6,-2.08,17.14
-0.06,0.18,1.08,-7.79,12.53,30.93
-0.09,-0.08,1.27,9.25,-11.26,48.65
-0.1,0.12,1.0,-11.26,2.97,-3.37
0.09,0.05,0.9700001,-11.49,-29.74,18.33
0.13,0.14,0.66,-0.84,-23.03,11.05
0.05,0.17,0.86,14.45,-4.44,20.13
-0.02,0.14,0.91,-27.47,1.98,9.82
0.009999999,0.23,1.03,-0.66,30.17,1.18
0.05,0.17,1.09,-15.37,-2.19,-2.06
-0.02,0.11,0.93,0.53,-3.48,4.9
0.0,0.23,0.95,0.62,-3.86,-20.68
0.11,0.16,0.92,-5.43,-0.21,-37.61
0.03,0.08,0.86,1.96,-2.62,-27.99
0.04,0.17,1.08,7.09,-10.6,-19.38
0.12,0.29,1.03,-16.89,-15.26,-53.43
0.07,0.18,1.0,7.12,-39.56,-51.51
0.1,0.19,0.9700001,-13.89,-1.4,-111.15
0.16,0.07,0.94,-6.33,-7.37,-127.08
0.14,0.1,0.95,18.16,-1.59,-114.1
0.18,0.06,1.07,9.81,-7.4,-88.75
0.07,0.009999999,0.94,-9.8,-22.12,-60.54
-0.1,-0.03,0.9,-7.9,-1.72,-6.5
-0.03,0.009999999,0.9,-14.94,8.95,-18.94
0.04,0.04,1.04,-12.44,1.37,-8.91
0.22,-0.02,0.89,-16.04,15.31,-51.37
0.18,-0.03,0.9,13.42,5.69,-16.34
0.12,-0.07,1.0,4.82,-1.05,15.33
0.09,-0.08,0.9700001,-4.08,-5.12,19.64
0.07,0.08,0.9,4.84,11.05,3.11
0.07,0.14,1.07,8.91,-2.44,-41.77
0.14,-0.13,1.0,-10.85,3.97,-8.89
0.07,-0.05,0.89,1.45,9.48,37.34
0.1,-0.07,1.0,-16.47,-13.46,56.4
0.06,-0.13,0.94,-6.47,-4.62,65.71
0.09,0.1,0.92,-9.44,8.97,28.32
0.08,-0.06,1.11,-21.86,-22.07,46.92
0.02,-0.17,0.94,19.37,9.49,32.58
0.06,-0.04,0.9,11.89,50.96,77.48
0.05,-0.09,0.95,-30.37,-5.43,102.41
0.04,-0.06,0.94,-38.08,27.95,102.36
-0.12,-0.06,0.84,-12.15,3.01,102.71
-0.13,0.009999999,0.91,2.78,9.34,85.13
-0.03,0.02,0.9700001,-10.81,-1.08,79.81
-0.04,-0.06,0.88,11.58,2.98,26.6
-0.04,0.12,0.89,16.04,-22.62,25.59
-0.02,0.09,0.9700001,7.39,9.99,13.37
0.06,0.03,0.9599999,10.5,118.08,-38.11
0.02,0.15,1.02,29.1,-19.37,4.52
0.05,0.17,0.87,-15.4,-6.08,-9.69
-0.06,0.29,1.04,28.66,-36.15,-35.15
0.19,0.19,0.91,-5.63,3.66,-44.91
0.09,0.14,0.94,0.82,-9.38,-39.9
0.08,0.23,0.9700001,1.96,3.82,-22.46
-0.02,0.19,1.02,7.75,-33.37,-15.87
0.15,0.28,0.93,30.37,-21.25,-8.13
0.09,0.36,0.84,13.13,-34.76,-30.62
0.009999999,0.34,0.89,-6.11,-19.12,-34.44
0.009999999,0.29,0.9,-5.47,2.65,-21.84
-0.009999999,0.11,0.95,-14.49,6.5,21.68
0.26,0.33,0.9599999,4.4,30.62,60.8
-0.18,0.12,0.86,-18.26,22.11,47.77
0.04,0.21,0.7,-26.71,22.97,34.6
0.0,0.009999999,0.89,2.06,29.72,8.8
0.0,0.12,1.19,-13.62,-1.07,26.11
0.009999999,0.5,0.9700001,-85.62,-6.61,25.77
-0.009999999,0.35,0.85,-30.28,-22.43,53.44
0.08,0.11,1.22,-9.61,-17.58,7.09
0.02,-0.06,1.03,-3.08,-10.79,13.34
0.09,-0.05,1.0,-8.46,-6.37,2.77
0.14,0.0,0.99,-7.75,-4.18,3.21
0.09,-0.03,0.9599999,-4.74,-0.15,5.73
0.16,-0.009999999,0.98,-5.56,-4.66,-2.11
0.09,-0.05,0.95,-9.42,-0.14,-3.21
0.24,-0.21,0.78,-28.84,14.56,7.57
-0.07,-0.05,0.9,167.56,-9.58,15.02