Ax,Ay,Az,Gx,Gy,Gz
-0.55,-0.24,0.57,47.73,156.48,19.66
-0.25,-0.76,0.85,-209.54,-248.18,11.0
0.24,-0.11,1.32,250.13,250.13,-20.22
-0.1,-0.47,1.02,39.43,73.16,50.82
-0.07,-0.45,0.81,-13.12,41.91,21.35
-0.21,-0.54,0.84,-24.94,57.77,58.95
-0.18,-0.49,0.83,-87.12,49.24,138.5
-0.55,-0.42,0.33,-54.88,29.71,57.56
-0.84,-0.24,0.31,-59.24,-30.58,18.41
-0.72,0.26,0.45,-248.18,-203.91,-4.29
0.21,-0.49,-0.31,10.67,-165.02,27.67
-1.78,-0.54,-0.42,-194.73,-42.27,-84.01
-0.02,-1.02,0.06,113.28,68.35,-174.85
1.82,0.22,0.07,212.15,-1.13,-230.56
0.73,0.18,1.07,171.45,44.92,250.13
-0.1,0.16,0.88,160.3,142.6,2.47
-0.11,0.58,0.55,-216.24,65.94,-45.83
-0.3,-0.23,0.45,20.27,0.26,67.1
-0.69,-0.03,1.2,-187.34,-153.05,-210.53
-0.65,-0.49,0.75,32.85,-61.23,15.26
-0.28,-0.14,0.92,-192.35,-89.57,134.45
-0.63,-0.15,0.89,75.31,8.39,-248.18
0.25,0.02,0.49,50.4,250.13,-109.95
-0.21,-0.28,0.72,137.24,-142.97,-120.15
0.03,0.22,1.66,68.24,62.62,82.85
0.94,-0.13,0.8,-61.79,-37.08,113.5
-0.34,-0.7,1.03,-110.29,64.4,-105.05
-0.26,0.24,1.03,23.77,200.16,-135.42
-0.23,-0.44,0.2,-98.91,-75.23,-115.51
-0.13,-0.52,0.81,-16.37,84.02,21.64
-0.21,-0.49,0.76,-5.11,-7.16,4.3
-0.12,-0.48,0.73,-0.44,1.15,-0.83
-0.17,-0.48,0.83,-1.06,5.05,-3.22
-0.18,-0.5,0.84,-4.35,9.55,-4.51
-0.09,-0.46,0.77,-9.58,-3.03,2.78
-0.08,-0.48,0.83,6.05,92.07,5.78
-0.51,-0.45,0.9599999,19.94,-71.6,19.62
-0.09,-0.48,0.66,-22.85,39.53,-19.02
-0.08,-0.49,1.1,37.14,68.44,-0.56
-0.54,-0.42,0.53,-57.63,-59.44,48.72
-0.71,-0.48,0.08,113.4,-70.61,-31.59
0.24,-0.07,1.17,16.5,-15.01,-54.64
0.28,-0.57,0.37,-74.18,-73.02,-34.5
0.72,-0.25,0.76,0.77,2.7,11.15
0.31,-0.29,0.87,-9.85,81.66,-9.62
-0.14,-0.47,0.83,-18.16,56.18,-37.1
-0.06,-0.49,0.92,2.15,32.6,-16.93
0.08,-0.43,0.79,-46.92,-5.95,22.77
0.26,-0.39,0.82,44.02,60.62,20.6
0.04,-0.37,1.06,9.3,-50.75,28.36
0.18,-0.3,0.9,-58.44,30.7,-9.5
0.08,-0.37,0.7,-3.37,-12.31,36.06
0.12,-0.26,1.05,-11.27,25.13,7.82
-0.21,-0.29,0.9599999,-2.23,15.17,-26.49
-0.19,-0.39,0.68,18.43,-7.69,-69.89
-0.32,-0.29,0.92,28.18,30.08,-63.35
-0.27,-0.18,0.68,52.94,70.85,-116.65
-0.1,-0.31,1.01,21.36,24.81,-72.97
-0.34,-0.18,0.83,27.53,-13.92,-144.02
-0.15,-0.41,0.66,-8.19,0.5,-81.0
-0.33,-0.39,0.9700001,12.76,3.41,-82.8
-0.12,-0.35,0.9599999,10.16,27.67,-85.67
-0.38,-0.22,1.0,3.76,29.08,-78.11
-0.12,-0.24,0.9,11.24,30.83,-35.04
-0.28,-0.26,0.88,-4.28,1.77,-15.98
-0.24,-0.32,1.05,19.85,5.53,-43.37
-0.09,-0.41,0.8,16.77,22.14,-41.87
-0.32,-0.36,0.78,16.3,17.72,-52.76
-0.27,-0.25,0.92,3.96,-19.51,-3.66
-0.12,-0.23,0.98,-12.31,10.12,-15.49
-0.12,-0.25,0.87,7.53,-8.05,33.44
-0.41,-0.24,0.93,8.0,2.85,-35.78
-0.27,-0.33,0.87,2.08,6.9,23.08
-0.19,-0.22,0.85,-10.12,-15.45,41.27
-0.13,-0.24,0.83,-11.25,-9.51,47.36
-0.42,-0.08,0.77,1.44,30.02,-2.49
-0.12,-0.16,0.81,-21.46,-8.07,40.46
-0.52,-0.18,0.68,-37.04,-9.59,70.56
-0.38,-0.08,0.99,-15.92,-37.18,104.84
-0.32,-0.1,1.02,8.56,-18.94,157.37
-0.48,-0.08,0.79,-22.0,10.64,82.82
-0.18,-0.07,0.92,-44.67,-14.85,57.79
-0.29,-0.08,0.72,-40.59,-62.98,71.52
-0.29,-0.35,0.84,-60.09,-47.69,71.67
-0.29,-0.3,0.77,-29.86,-33.11,92.21
-0.28,-0.29,0.79,-23.4,-42.02,115.88
-0.4,-0.02,1.0,-30.97,-17.4,122.46
-0.37,-0.18,0.79,-25.58,-30.57,96.08
-0.11,-0.17,0.65,-21.4,-28.03,73.44
-0.35,-0.07,0.86,-13.18,-40.22,80.24
-0.57,-0.45,1.05,-10.26,64.6,-60.5
0.06,-0.37,1.0,62.22,-24.67,-52.25
-0.29,-0.35,1.0,-18.66,-4.08,6.57
-0.17,-0.4,0.9,24.59,3.82,-6.5
-0.18,-0.22,0.8,25.64,24.81,-37.83
-0.16,-0.26,0.73,-12.85,-3.07,12.76
0.25,-0.2,1.17,-46.85,-29.92,82.11
-0.45,-0.07,0.9599999,11.2,-55.69,137.0
-0.009999999,-0.03,0.88,-16.39,-44.55,108.97
-0.22,0.06,0.87,-8.44,-40.53,79.96
-0.23,-0.009999999,1.1,-60.05,20.18,-12.64
0.2,-0.48,0.53,-42.97,-4.34,-7.93