Ax,Ay,Az,Gx,Gy,Gz
0.26,0.03,0.94,-21.95,-1.3,-25.7
0.27,-0.02,1.01,-27.47,20.36,-32.86
0.26,-0.03,0.94,-17.42,2.35,-35.47
0.29,0.06,0.9599999,-15.76,4.41,-31.5
0.34,0.13,0.86,-2.51,-31.28,-5.51
0.39,-0.07,0.93,-0.73,-3.79,3.28
0.47,-0.14,0.84,-10.94,-0.27,-3.15
0.44,-0.12,0.87,-11.32,-7.71,8.77
0.49,-0.1,0.78,-7.65,-2.15,-4.94
0.55,-0.15,0.82,-4.24,13.37,2.86
0.54,-0.16,0.76,-0.33,-8.75,-2.36
0.66,-0.3,0.75,25.45,-9.34,-6.69
0.82,0.05,0.71,-34.9,23.71,14.37
0.47,-0.09,0.92,-14.86,2.82,-31.42
0.44,-0.26,0.87,-4.12,-13.34,-28.49
0.52,-0.19,0.57,-9.45,6.57,-23.98
0.49,-0.02,0.71,5.67,15.02,17.69
0.51,-0.21,0.87,3.8,-20.0,33.17
0.56,0.0,0.86,20.17,12.4,18.9
0.62,-0.2,0.68,5.79,-10.88,6.4
0.7,-0.19,0.91,-5.85,29.01,-21.05
0.36,-0.21,0.75,-5.5,-18.37,-33.37
0.39,-0.18,0.8,-8.82,5.37,-22.97
0.62,-0.25,0.81,-9.42,14.69,-26.5
0.36,-0.12,0.84,-7.13,-1.08,-46.92
0.33,-0.21,0.99,-30.57,25.31,-38.31
0.22,-0.09,1.07,-67.2,36.06,-92.92
0.45,-0.29,0.78,-33.46,-0.009999999,-78.64
0.31,-0.27,0.75,-26.59,42.27,-104.52
0.22,-0.27,1.05,-58.45,28.86,-91.21
0.37,-0.16,0.92,-43.92,20.08,-79.66
0.63,-0.26,0.77,-40.79,10.46,-32.39
0.64,-0.3,0.73,-15.36,19.9,-14.43
0.54,-0.16,0.79,-6.2,-7.02,-43.77
0.54,-0.22,0.9,-16.66,-0.82,-28.42
0.36,-0.17,0.83,-5.9,-4.35,-42.17
0.41,-0.15,0.76,1.16,3.02,-24.36
0.46,-0.22,0.9599999,-17.11,2.83,-5.52
0.57,-0.06,0.9,-4.89,-10.94,9.62
0.54,-0.05,0.72,11.24,-10.31,9.33
0.54,-0.22,0.8,-5.7,-8.97,-6.33
0.28,-0.11,0.94,-13.98,8.4,-47.14
0.43,0.09,0.94,-10.78,12.01,-20.08
0.51,-0.12,0.87,-4.69,-9.26,6.73
0.28,-0.009999999,1.04,3.03,-3.85,43.15
0.53,-0.04,0.86,33.09,10.63,-4.44
0.58,-0.06,0.79,-11.56,-28.73,2.98
0.34,0.08,0.85,24.66,-17.08,18.56
0.37,0.03,0.82,51.11,-11.35,53.46
0.3,0.07,1.02,41.03,18.38,97.98
0.45,0.06,0.83,63.37,-4.17,101.92
0.4,0.15,0.89,68.6,4.18,100.03
0.55,0.12,0.84,28.3,10.46,82.49
0.53,-0.009999999,0.78,11.31,-4.53,61.64
0.5,0.009999999,0.77,14.66,-4.95,28.01
0.44,0.02,0.89,6.77,9.58,28.92
0.45,-0.15,0.87,9.46,5.11,21.36
0.49,0.0,1.01,-19.31,-15.59,1.09
0.58,-0.04,0.73,-18.53,-5.81,-6.6
0.61,0.04,0.77,-3.41,-2.18,-25.82
0.55,-0.02,0.85,-22.45,-3.34,-27.24
0.51,-0.04,0.9,-27.33,5.11,-36.54
0.42,0.04,0.91,-24.5,11.58,-35.98
0.44,-0.07,0.89,11.31,-0.37,-11.41
0.52,-0.07,0.73,-1.6,-19.81,16.23
0.62,-0.14,0.85,17.02,-6.54,11.95
0.45,0.04,0.78,8.75,22.11,26.85
0.45,0.21,0.73,13.2,5.27,5.2
0.49,0.1,0.84,6.79,9.06,-7.55
0.45,0.17,1.06,-8.12,30.91,5.12
0.58,0.14,1.13,-4.25,15.05,-6.76
0.81,0.03,0.82,-1.63,1.75,23.47