Ax,Ay,Az,Gx,Gy,Gz
0.29,-0.03,0.71,9.51,-71.1,55.4
-0.04,-0.32,0.55,-60.47,2.57,-42.37
-0.02,-0.25,1.05,-6.44,-31.99,-28.55
0.43,-0.12,0.89,-10.02,-43.35,-31.35
0.3,-0.39,0.77,25.61,-122.55,71.3
0.51,-0.4,0.78,-44.21,26.95,10.83
0.56,-0.22,0.57,-12.93,50.81,-15.93
0.54,-0.26,0.8,-10.96,15.35,-36.39
-0.02,0.2,1.32,87.54,26.99,-48.91
0.46,-0.18,0.77,-14.66,-8.26,-47.34
0.23,0.16,1.01,-18.89,38.76,-25.11
0.61,-0.44,0.85,-9.1,-34.48,3.96
0.39,0.02,0.72,-0.1,-7.81,10.89
0.49,0.0,0.83,-25.22,4.2,-12.85
0.24,0.009999999,0.88,9.75,10.57,-7.05
0.31,-0.009999999,0.88,8.49,9.5,2.99
0.24,0.09,0.94,-14.23,-19.92,-0.89
0.36,-0.14,0.85,2.08,2.63,-7.73
0.31,-0.05,0.86,0.61,-0.69,-13.34
0.34,-0.21,1.05,-23.07,-5.92,-56.52
0.14,0.0,1.03,-11.11,25.21,-62.85
0.19,-0.09,0.91,-7.18,-0.67,-43.72
0.33,-0.02,1.07,-19.95,13.37,-63.34
0.22,0.11,1.14,-20.23,8.59,-76.97
0.21,-0.05,0.9700001,-42.11,-0.11,-116.44
0.14,-0.02,0.92,-11.76,19.1,-114.59
0.2,-0.11,0.98,-28.38,11.12,-77.21
0.27,-0.17,0.89,-17.4,-6.36,-55.85
0.29,-0.1,0.84,-39.27,13.34,-49.79
0.33,0.02,0.99,5.01,8.44,-21.73
0.36,0.0,0.9599999,-10.11,9.46,-41.11
0.35,-0.18,0.9599999,-11.95,-8.31,-23.44
0.23,-0.14,0.92,-13.46,2.88,-40.12
0.19,-0.12,0.9,-9.43,8.77,-24.81
0.26,-0.07,0.99,-2.07,-16.27,-1.17
0.3,0.06,0.9,-14.11,-2.65,9.99
0.37,-0.1,0.79,-1.18,5.03,12.84
0.36,-0.05,1.0,-5.53,-10.14,1.18
0.23,-0.11,1.01,-3.6,-8.11,7.11
0.24,-0.08,0.86,-1.89,-0.45,-8.26
0.22,-0.04,0.9,0.9599999,4.45,6.44
0.47,-0.15,0.99,34.81,-27.42,83.83
0.37,-0.06,0.93,-0.28,-12.32,42.21
0.39,-0.08,0.87,11.36,-2.68,29.66
0.34,-0.03,0.92,-1.85,-4.12,20.77
0.15,0.0,1.02,-13.91,-4.45,17.31
0.22,0.0,0.9700001,23.85,-7.37,43.39
0.36,-0.06,0.92,10.71,-1.84,43.78
0.48,-0.22,0.92,11.28,-26.41,65.4
0.38,0.009999999,0.75,21.38,-16.05,63.34
0.32,0.11,0.91,25.48,3.91,62.56
0.41,-0.03,1.0,-8.73,-10.5,44.67
0.26,0.07,0.95,19.98,-1.81,57.27
0.26,-0.009999999,0.98,27.78,0.68,78.02
0.21,-0.18,0.91,23.64,-11.01,75.54
0.35,-0.16,0.9,17.77,-13.07,87.95
0.22,0.0,0.91,16.35,10.88,77.62
0.23,-0.1,0.86,-3.07,-7.4,73.33
0.36,-0.08,0.84,37.6,-2.99,80.79
0.27,-0.05,0.9700001,33.53,-25.95,63.05
0.13,0.12,0.91,17.55,16.3,27.59
0.09,0.17,0.89,-7.06,-5.0,-36.63
0.43,-0.09,1.09,20.48,-15.4,35.93
0.19,0.27,0.78,17.03,72.27,9.69
0.2,-0.06,1.0,-24.17,-31.89,66.9
0.1,0.12,1.14,-0.58,55.21,-15.15
-0.22,0.14,0.93,-2.07,54.63,-46.02
-0.36,-0.06,0.92,-23.42,29.1,-21.54
-0.4,-0.04,0.77,6.23,6.18,-2.78
-0.47,-0.1,0.88,8.32,-6.32,15.29
-0.45,0.05,0.82,7.91,-5.73,2.69
-0.38,0.04,0.9,1.73,1.58,2.54